Time,Left Shoulder Angle,Right Shoulder Angle,Left Elbow Angle,Right Elbow Angle,Left Hip Angle,Right Hip Angle,Left Knee Angle,Right Knee Angle,"x, y Left Shoulder","x, y Right Shoulder","x, y Left Elbow","x, y Right Elbow","x, y Left Hip","x, y Right Hip","x, y Left Knee","x, y Right Knee","x, y Left Wrist","x, y Right Wrist","x, y Left Ankle","x, y Right Ankle","x, y Nose"
0.0,90.13640788517797,29.87118953543103,146.41643939267146,135.66532303909722,128.82121847642264,137.44490594455212,205.60315593943744,199.95639474630386,"0.5193992853164673, 0.27158689498901367","0.49150457978248596, 0.26922234892845154","0.5174222588539124, 0.37520933151245117","0.4735160768032074, 0.3747008144855499","0.4322395920753479, 0.4488791823387146","0.3972774147987366, 0.4594917893409729","0.47844773530960083, 0.5789377689361572","0.46438664197921753, 0.6186667680740356","0.5480371117591858, 0.47650885581970215","0.5207748413085938, 0.4728004038333893","0.49031171202659607, 0.7164835333824158","0.46854907274246216, 0.8004555702209473","0.5968496799468994, 0.2585756778717041"
0.0333667000333667,60.308535561520316,27.346898519131557,154.19767159520384,147.37833385859997,130.74199282721463,135.3805407380223,201.79659476664625,200.20977620158192,"0.5102002620697021, 0.2679024040699005","0.4970853328704834, 0.27503547072410583","0.5128484964370728, 0.3751154839992523","0.4925335943698883, 0.3775116801261902","0.4218257963657379, 0.4522929787635803","0.40765348076820374, 0.4658121168613434","0.4739101529121399, 0.5789867639541626","0.4659164547920227, 0.6216641068458557","0.5478541254997253, 0.47228097915649414","0.5281099081039429, 0.4735114574432373","0.47743695974349976, 0.713553249835968","0.468428373336792, 0.7998324632644653","0.5939961671829224, 0.26103562116622925"
0.0667334000667334,36.235462666954675,25.3027509616959,160.88297824491733,156.4913522601256,132.05886055113788,133.59884163170068,198.8955876530648,200.39891133752297,"0.506274938583374, 0.2665340304374695","0.4974396824836731, 0.278012216091156","0.5114424824714661, 0.3753821551799774","0.49802786111831665, 0.3794918656349182","0.4137783646583557, 0.4536566734313965","0.4097058176994324, 0.4673271179199219","0.4694948196411133, 0.5801469087600708","0.4672504961490631, 0.6224219799041748","0.5479046106338501, 0.4715781807899475","0.5354295372962952, 0.4814320504665375","0.4753536283969879, 0.7139413952827454","0.468427836894989, 0.7998249530792236","0.5931953191757202, 0.2638401985168457"
0.1001001001001001,17.531853462604772,23.70579637004416,166.53757234850866,163.18442852578912,132.82045535928012,132.08438015808022,196.83507828361263,200.5289407889476,"0.5075792074203491, 0.26675304770469666","0.4971283972263336, 0.2773234248161316","0.5109004974365234, 0.3758251368999481","0.4975285530090332, 0.37929221987724304","0.4135635495185852, 0.4553222060203552","0.40931740403175354, 0.46865764260292053","0.469372034072876, 0.5809122323989868","0.4680243134498596, 0.6243729591369629","0.5480143427848816, 0.47127947211265564","0.5374612808227539, 0.48130637407302856","0.47641029953956604, 0.7145495414733887","0.46813029050827026, 0.8004118800163269","0.5927096605300903, 0.26574429869651794"
0.1334668001334668,3.812372209594386,22.52308425109644,171.2266669126745,167.63761293770557,133.07541096272894,130.82172784965383,195.55001034320918,200.60500519067634,"0.5081448554992676, 0.26685670018196106","0.4971325993537903, 0.2775716483592987","0.5105785727500916, 0.37611526250839233","0.49622130393981934, 0.37973541021347046","0.40974268317222595, 0.45535746216773987","0.40858736634254456, 0.46886053681373596","0.4683477282524109, 0.5809504389762878","0.468993604183197, 0.6252650618553162","0.5480189323425293, 0.4714224934577942","0.5355583429336548, 0.48071178793907166","0.47618499398231506, 0.71523118019104","0.4680447578430176, 0.8007300496101379","0.5924980044364929, 0.2666940689086914"
0.1668335001668335,-5.308316830952762,21.721664111772842,175.01547494411153,170.03095577798996,132.87236107257206,129.7954562389144,194.97532751677397,200.63224517752974,"0.5092982053756714, 0.26780959963798523","0.4969754219055176, 0.2797728180885315","0.5177990198135376, 0.37620437145233154","0.4983845353126526, 0.3849986493587494","0.4119420647621155, 0.4561116695404053","0.4058515131473541, 0.4696686863899231","0.4693862795829773, 0.5815389156341553","0.4679902493953705, 0.625656247138977","0.5490900278091431, 0.47147107124328613","0.5367097854614258, 0.4814226031303406","0.4759799540042877, 0.7190691828727722","0.4678971767425537, 0.8003687858581543","0.5921676754951477, 0.2672621011734009"
0.2002002002002002,-10.21554939791288,21.268585458993467,177.96920944951648,170.54450732875733,132.25993939989712,128.99013685835484,195.04597348922647,200.61580138432836,"0.5145250558853149, 0.27069294452667236","0.4952224791049957, 0.28548485040664673","0.5208631157875061, 0.3782532811164856","0.4971834719181061, 0.39525261521339417","0.4147183895111084, 0.45605355501174927","0.40342363715171814, 0.47003382444381714","0.4702884256839752, 0.5827199220657349","0.467364639043808, 0.6259822845458984","0.5502029657363892, 0.47240155935287476","0.5377641916275024, 0.4851456582546234","0.4762443006038666, 0.7195565700531006","0.46803221106529236, 0.7985094785690308","0.5922139883041382, 0.26860490441322327"
0.2335669002335669,-11.294661230162305,21.130897799678422,180.15308343558604,169.35831787212268,131.2867796557918,128.3903412404681,195.69689194548624,200.56081444589276,"0.5159269571304321, 0.2738765776157379","0.4935830235481262, 0.2872798442840576","0.5227563381195068, 0.3829776644706726","0.49788394570350647, 0.39666369557380676","0.41794687509536743, 0.45950406789779663","0.3994698226451874, 0.47236257791519165","0.4705614149570465, 0.5885607004165649","0.46301788091659546, 0.626649796962738","0.551082968711853, 0.48307037353515625","0.5386155843734741, 0.48513859510421753","0.47656622529029846, 0.7251241207122803","0.46810731291770935, 0.7977648973464966","0.5924170017242432, 0.26944106817245483"
0.2669336002669336,-8.930988066577171,21.2756506407478,181.63230990901693,166.65243769020105,130.00151555134374,127.98064091774707,196.8630265704727,200.47242499704353,"0.5213276147842407, 0.277767539024353","0.49140533804893494, 0.2882942855358124","0.5362879037857056, 0.39097633957862854","0.4999213218688965, 0.4078952372074127","0.42389044165611267, 0.46087732911109924","0.39559081196784973, 0.472200483083725","0.47024670243263245, 0.6035439968109131","0.4565659463405609, 0.6233454942703247","0.5585099458694458, 0.49397578835487366","0.5455800890922546, 0.5011070370674133","0.47656601667404175, 0.763821005821228","0.470506489276886, 0.7786673307418823","0.5933616161346436, 0.27063772082328796"
0.3003003003003003,-3.5098656460338447,21.669893489121712,182.4721018765058,162.60691706510747,128.45278079764066,127.74560742268466,198.4793210491054,200.35577367260117,"0.5271929502487183, 0.281625360250473","0.49068862199783325, 0.29105955362319946","0.5490849018096924, 0.3951551020145416","0.49934515357017517, 0.4165339469909668","0.42910441756248474, 0.4626707434654236","0.39407604932785034, 0.4732794761657715","0.4718701243400574, 0.5996977090835571","0.45643478631973267, 0.624401330947876","0.5625476837158203, 0.5078257918357849","0.5487257242202759, 0.5234183669090271","0.4773939251899719, 0.7499783039093018","0.47062039375305176, 0.7789489030838013","0.5933751463890076, 0.2716467082500458"
0.333667000333667,4.583370292591553,22.280675851720247,182.73767234474937,157.40180627895694,126.68920910577016,127.6698122877738,200.48071906630383,200.2160011073863,"0.5370011925697327, 0.2860957384109497","0.48816776275634766, 0.2936156392097473","0.5567017793655396, 0.3968730866909027","0.49870532751083374, 0.42156273126602173","0.434952974319458, 0.4627271294593811","0.3886483311653137, 0.4729407727718353","0.47586995363235474, 0.5996078252792358","0.4534469544887543, 0.6241534948348999","0.5650714635848999, 0.5110412836074829","0.5526715517044067, 0.5253176093101501","0.47848519682884216, 0.7549401521682739","0.4726537764072418, 0.7823517322540283","0.5946009755134583, 0.272321879863739"
0.3670337003670337,14.963384010422587,23.075047235463526,182.49423432044438,151.21715561386452,124.75943418681996,127.73782704550739,202.80216430698746,200.0582479362194,"0.540632426738739, 0.2913840413093567","0.4833501875400543, 0.29590216279029846","0.5590102672576904, 0.4005928635597229","0.49346065521240234, 0.4291752278804779","0.43478161096572876, 0.4640359878540039","0.38533276319503784, 0.472719669342041","0.4798266887664795, 0.5980170965194702","0.45129185914993286, 0.6235232949256897","0.5670662522315979, 0.5137075185775757","0.5511588454246521, 0.527183473110199","0.4800502359867096, 0.7578665018081665","0.4729347229003906, 0.7845214605331421","0.5947390794754028, 0.27604562044143677"
0.4004004004004004,27.244839768583134,24.020057147271636,181.80700081028746,144.23301535194523,122.71208975187768,127.93422322837836,205.37860045607584,199.88765479392112,"0.5496240854263306, 0.3002691864967346","0.46916255354881287, 0.2970721125602722","0.5601446032524109, 0.4078095853328705","0.48385077714920044, 0.43185120820999146","0.43690401315689087, 0.46486911177635193","0.3823988437652588, 0.46961045265197754","0.4822469651699066, 0.5971272587776184","0.4547969400882721, 0.6059294939041138","0.5679352879524231, 0.517062783241272","0.5462391972541809, 0.5310512781143188","0.4810761511325836, 0.7605259418487549","0.4840456545352936, 0.7721924185752869","0.5945214629173279, 0.2776298224925995"
0.4337671004337671,41.04240182819695,25.08275509406468,180.74118482097532,136.62943577531402,120.59580951203104,128.2435723688796,208.1449711984884,199.70936231531192,"0.5589483976364136, 0.30727827548980713","0.4576314389705658, 0.2964203953742981","0.561752438545227, 0.4122345447540283","0.46557074785232544, 0.42893704771995544","0.4405069351196289, 0.46546703577041626","0.38169652223587036, 0.467644602060318","0.4921998977661133, 0.5965203046798706","0.45033740997314453, 0.6089049577713013","0.5675311088562012, 0.5171927213668823","0.5070493221282959, 0.5274323225021362","0.48056450486183167, 0.7579271197319031","0.48209357261657715, 0.7759321331977844","0.5935510396957397, 0.27766314148902893"
0.4671338004671338,55.970734450387795,26.230190582762766,179.3619993592047,128.586467166086,118.45922717836766,128.65044599950406,211.03622021914467,199.52851113521243,"0.5650518536567688, 0.31314510107040405","0.4576207995414734, 0.28809213638305664","0.5602549314498901, 0.41703495383262634","0.4549430012702942, 0.4286796450614929","0.44095319509506226, 0.46660321950912476","0.38105952739715576, 0.46378254890441895","0.5053938627243042, 0.5914384126663208","0.4533657133579254, 0.5922669768333435","0.5628103613853455, 0.5169971585273743","0.494147390127182, 0.5241109132766724","0.48057278990745544, 0.7724959850311279","0.4832976460456848, 0.7697036266326904","0.5940143465995789, 0.2775600850582123"
0.5005005005005005,71.64450189627931,27.42941312028599,177.7346574316723,120.28415980637618,116.35097646197522,129.13941565274462,213.98729120296417,199.3502418884432,"0.5721806883811951, 0.31233716011047363","0.4582618176937103, 0.27801457047462463","0.5572218894958496, 0.4112280011177063","0.4351338744163513, 0.3952941596508026","0.4443682134151459, 0.4666321277618408","0.38204890489578247, 0.46374887228012085","0.5085017085075378, 0.5857981443405151","0.46069058775901794, 0.5649141669273376","0.545988142490387, 0.45977455377578735","0.47816187143325806, 0.4773644506931305","0.4782240390777588, 0.7820332050323486","0.49456319212913513, 0.7340230345726013","0.595460057258606, 0.2775362730026245"
0.5338672005338673,87.67836842699536,28.647472213554465,175.92437204507473,111.90256397829955,114.31969107394139,129.6950528610942,216.93312783486633,199.17969520982476,"0.5768147706985474, 0.32144689559936523","0.4560818672180176, 0.2687825560569763","0.5450738668441772, 0.40009617805480957","0.4175848066806793, 0.3704781234264374","0.4497950077056885, 0.4663880467414856","0.3824838101863861, 0.4594727158546448","0.4910673201084137, 0.6111992597579956","0.4793609082698822, 0.5453948974609375","0.49705711007118225, 0.44477933645248413","0.4526776373386383, 0.44737672805786133","0.4754076898097992, 0.791709303855896","0.49416065216064453, 0.7217216491699219","0.595777690410614, 0.2772960066795349"
0.5672339005672339,103.68699830366043,29.851417369488534,173.99635620611008,103.62172996397199,112.41400472535476,130.3019291570468,219.80867379977246,199.02201173417922,"0.5760172605514526, 0.3214091658592224","0.45788368582725525, 0.26317793130874634","0.5318208932876587, 0.3832659423351288","0.42590799927711487, 0.36553481221199036","0.4517868161201477, 0.46125346422195435","0.3839882016181946, 0.46004900336265564","0.5228433012962341, 0.5820255279541016","0.46954408288002014, 0.5983468890190125","0.45597711205482483, 0.4138016700744629","0.490145206451416, 0.3772217631340027","0.4911380410194397, 0.727021336555481","0.4885808825492859, 0.777941107749939","0.595802366733551, 0.27782827615737915"
0.6006006006006006,113.42801495906409,29.135293098660984,174.86548342202917,96.75871451573119,111.91403067269167,130.07601768576868,221.25097123579272,199.40192507090882,"0.579922080039978, 0.31902632117271423","0.45432859659194946, 0.2576013207435608","0.5293567776679993, 0.3613739609718323","0.4199124872684479, 0.3620590567588806","0.4568983018398285, 0.4648527503013611","0.38415005803108215, 0.46027326583862305","0.5280743837356567, 0.5747836828231812","0.45819687843322754, 0.6130832433700562","0.44517189264297485, 0.3751145899295807","0.49638524651527405, 0.36687859892845154","0.49852997064590454, 0.7119055390357971","0.4842521548271179, 0.7907674908638","0.5963908433914185, 0.2781028151512146"
0.6339673006339673,122.22966896511655,29.647047555490914,177.5347798672574,93.30527149380323,110.56766441556394,130.0126951750738,223.4621008320675,200.0140170928113,"0.5809012651443481, 0.3166831433773041","0.45646730065345764, 0.25072717666625977","0.5243852734565735, 0.3418184518814087","0.4169349670410156, 0.32573041319847107","0.45939597487449646, 0.4665924906730652","0.3842177987098694, 0.46050891280174255","0.5328356027603149, 0.5764284133911133","0.45266833901405334, 0.6165696382522583","0.42752423882484436, 0.32846975326538086","0.4982684254646301, 0.3388940393924713","0.5036682486534119, 0.7082162499427795","0.47976523637771606, 0.7925974130630493","0.5982540845870972, 0.27797824144363403"
0.6673340006673341,128.492799639052,30.174850561398614,174.5224996968351,90.37590732185394,109.86860167308772,130.08419412252232,225.12074290593685,200.68757235913836,"0.5794979333877563, 0.31691867113113403","0.4635460376739502, 0.24578049778938293","0.5037287473678589, 0.33337780833244324","0.39876213669776917, 0.28983274102211","0.46011120080947876, 0.4702075123786926","0.3842633366584778, 0.4611038565635681","0.5351342558860779, 0.5778599381446838","0.4495325982570648, 0.6253911256790161","0.4080177843570709, 0.2803897559642792","0.38688451051712036, 0.25371336936950684","0.507826030254364, 0.7095877528190613","0.47798624634742737, 0.7962018847465515","0.6007578372955322, 0.27754342555999756"
0.7007007007007008,133.34181406394006,31.236272641659692,172.45194141819368,85.96018792774382,109.7734945474652,130.34078226504852,226.28074348103888,201.06932443195225,"0.5778056979179382, 0.31455349922180176","0.4709009528160095, 0.24674728512763977","0.4990735650062561, 0.3214111924171448","0.41309142112731934, 0.2823694944381714","0.45936042070388794, 0.47097262740135193","0.3851480185985565, 0.46338707208633423","0.5369304418563843, 0.5784705281257629","0.4490143358707428, 0.6262313723564148","0.4122311472892761, 0.27761730551719666","0.48475155234336853, 0.3169213831424713","0.5062510371208191, 0.7107111215591431","0.4772952198982239, 0.7972485423088074","0.6018539667129517, 0.27769193053245544"
0.7340674007340674,136.29666325707288,31.418538663356,172.74223735051515,88.02309295007919,109.84679108945146,130.7847849259321,227.1274146597941,201.40432821822154,"0.5788294076919556, 0.3151853680610657","0.47073501348495483, 0.24944563210010529","0.5055900812149048, 0.29902225732803345","0.3832881450653076, 0.2837349772453308","0.45966801047325134, 0.4727514684200287","0.38609328866004944, 0.4649392068386078","0.541077733039856, 0.5793754458427429","0.4498605728149414, 0.6236759424209595","0.4093419015407562, 0.22854459285736084","0.3823183476924896, 0.2230396717786789","0.5037024021148682, 0.7166209816932678","0.476929247379303, 0.7966898679733276","0.6072959303855896, 0.27661383152008057"
0.7674341007674341,131.10096452153078,21.822100374264394,172.19942323594717,85.62634229573212,109.87194576329406,131.39500626454526,227.37541597870992,201.48864493704346,"0.5770314931869507, 0.3146757483482361","0.47006478905677795, 0.2510448098182678","0.49845319986343384, 0.28423476219177246","0.3702991008758545, 0.2849265933036804","0.4590469300746918, 0.47331199049949646","0.3867708146572113, 0.4671814441680908","0.5397103428840637, 0.579720675945282","0.4523928165435791, 0.6244531273841858","0.4050922989845276, 0.2069421261548996","0.3704865574836731, 0.21654745936393738","0.5050669312477112, 0.7123075723648071","0.4761893153190613, 0.7984622716903687","0.6073886156082153, 0.27578404545783997"
0.8008008008008008,127.12186394160705,15.894246106543676,171.47209518326056,82.01456294301991,110.63881408442708,132.38181149903056,227.09782835458338,201.03941271929827,"0.5776110887527466, 0.3159593939781189","0.46707868576049805, 0.2517452836036682","0.4972935616970062, 0.2807971239089966","0.3612319529056549, 0.28448769450187683","0.45893192291259766, 0.47446995973587036","0.38709792494773865, 0.46950000524520874","0.5405508875846863, 0.5799710154533386","0.4571552276611328, 0.624285101890564","0.4056614935398102, 0.19776350259780884","0.36490458250045776, 0.20388050377368927","0.5049041509628296, 0.7152697443962097","0.47623109817504883, 0.7994184494018555","0.6051923036575317, 0.27573972940444946"
0.8341675008341676,124.35006224647036,12.865853082419468,169.5286080314613,79.0773127179258,111.8492728651469,133.51353882470679,226.65965011569284,200.3971512507456,"0.5769261717796326, 0.3155713975429535","0.4680463671684265, 0.25078511238098145","0.4914868474006653, 0.27561017870903015","0.3627992272377014, 0.28393977880477905","0.4595178961753845, 0.4759615361690521","0.3899558484554291, 0.4712553024291992","0.5428982973098755, 0.580086350440979","0.4641689658164978, 0.6248186826705933","0.40669912099838257, 0.19807441532611847","0.3687584698200226, 0.20500460267066956","0.5015483498573303, 0.7161823511123657","0.47641754150390625, 0.7998436093330383","0.6035512089729309, 0.2755400240421295"
0.8675342008675342,122.77700154733867,12.637324245446369,167.4006186148793,76.95584003674436,113.73683631571187,134.62395005664132,225.44026818940014,199.5583763344622,"0.5809177756309509, 0.3158186674118042","0.46856266260147095, 0.2509163022041321","0.4965648055076599, 0.2833705544471741","0.36596933007240295, 0.2856190502643585","0.46209174394607544, 0.4760356545448303","0.3915758728981018, 0.47119849920272827","0.5412699580192566, 0.5801060795783997","0.4636790156364441, 0.6276645660400391","0.40578994154930115, 0.20263151824474335","0.3691560924053192, 0.20785152912139893","0.5011565089225769, 0.716949999332428","0.47836834192276, 0.8003396987915039","0.6012235283851624, 0.27444756031036377"
0.9009009009009008,122.42484117168041,14.112903797503552,166.1957621933222,76.69390317964492,115.87958971626415,135.80304793589303,223.85684963568113,198.74984824633924,"0.5823017358779907, 0.31562307476997375","0.47066396474838257, 0.25143885612487793","0.49765801429748535, 0.2841947376728058","0.37473928928375244, 0.2860237956047058","0.46358102560043335, 0.4761674404144287","0.3927146792411804, 0.4683578908443451","0.5395905375480652, 0.5804064869880676","0.46479129791259766, 0.6267549395561218","0.39835694432258606, 0.20207829773426056","0.3784100413322449, 0.21592307090759277","0.48090678453445435, 0.731576144695282","0.48066091537475586, 0.7993990182876587","0.5982761979103088, 0.2678009569644928"
0.9342676009342676,122.85860872307258,17.206394539006507,164.88192868777872,78.14602785197064,118.2649450494697,137.18323988075,221.9887787084489,197.6984499338805,"0.586783766746521, 0.3128741681575775","0.46984416246414185, 0.2517935037612915","0.5279311537742615, 0.30761992931365967","0.3787707984447479, 0.30758947134017944","0.46832188963890076, 0.4760033190250397","0.3941289186477661, 0.46371397376060486","0.5385571718215942, 0.5805110931396484","0.4675734043121338, 0.6171088814735413","0.40411633253097534, 0.22422969341278076","0.3814050257205963, 0.23608262836933136","0.47431984543800354, 0.7412532567977905","0.48238834738731384, 0.7958468198776245","0.5952461361885071, 0.2653651237487793"
0.9676343009676344,123.8085219041542,22.131806433053733,163.30819534722713,80.85918685812419,121.01536192920345,138.54888897454373,219.78782983393856,196.5018776459706,"0.5748406648635864, 0.296621710062027","0.47979170083999634, 0.2506343424320221","0.5248801708221436, 0.31627610325813293","0.4156877100467682, 0.29090332984924316","0.46799105405807495, 0.46799078583717346","0.4044899344444275, 0.462635338306427","0.5297266244888306, 0.580302894115448","0.47034692764282227, 0.6165553331375122","0.4321204721927643, 0.30080896615982056","0.4994284510612488, 0.3091909885406494","0.4751923978328705, 0.7387794852256775","0.4822919964790344, 0.7946792840957642","0.596337616443634, 0.26608824729919434"
1.001001001001001,125.39560481834305,28.902374432313763,161.23968296105159,84.76222246432759,123.86109091548755,139.7131261724019,217.16611984321432,195.4056445491317,"0.5606613159179688, 0.289031982421875","0.47957342863082886, 0.2552963197231293","0.49930277466773987, 0.36156541109085083","0.42170199751853943, 0.34612104296684265","0.4671267867088318, 0.4472401738166809","0.41245850920677185, 0.44822415709495544","0.5177453756332397, 0.5772418975830078","0.4747534394264221, 0.6038841605186462","0.4524382948875427, 0.40821999311447144","0.46105027198791504, 0.3777464032173157","0.4686046242713928, 0.74299556016922","0.4818647801876068, 0.78564453125","0.5964182615280151, 0.26627904176712036"
1.0343677010343677,127.48140534376779,36.74735615912421,158.64035292373865,89.8988323304914,126.54255403433423,141.28748114641425,214.65002282807072,193.95594239686187,"0.5598397850990295, 0.2798134982585907","0.4837157130241394, 0.25406819581985474","0.5603818297386169, 0.37101420760154724","0.44080519676208496, 0.3580935001373291","0.4662961959838867, 0.442013680934906","0.41370439529418945, 0.4395787715911865","0.5059894919395447, 0.5800378322601318","0.4780174195766449, 0.5982277393341064","0.5520045757293701, 0.4523564279079437","0.49482089281082153, 0.45271405577659607","0.47029367089271545, 0.7453637719154358","0.48276805877685547, 0.7810368537902832","0.5923393964767456, 0.26663994789123535"
1.0677344010677343,129.73448095768316,45.76167731160784,155.50090094662787,96.04644548645797,129.054426092445,142.76756756422526,212.2427231066906,192.54616208344464,"0.5537298917770386, 0.266083687543869","0.4821663498878479, 0.2606496214866638","0.5716058611869812, 0.36470121145248413","0.45892566442489624, 0.3828662633895874","0.4659744203090668, 0.4316423535346985","0.41151881217956543, 0.4296873211860657","0.4982685148715973, 0.580841600894928","0.4863308370113373, 0.5432942509651184","0.5914020538330078, 0.4605735242366791","0.529884397983551, 0.4674765169620514","0.4723682999610901, 0.7721390724182129","0.5034836530685425, 0.7272155284881592","0.5909454822540283, 0.2655137777328491"
1.1011011011011012,131.81635100845244,55.392652556256174,152.50018938687163,102.57439561809127,131.60095652828753,143.9153771294371,209.79556565528537,191.41800341539277,"0.530093789100647, 0.254972904920578","0.4821922779083252, 0.2610321640968323","0.5535894632339478, 0.35677677392959595","0.47845059633255005, 0.3818995952606201","0.45561957359313965, 0.43073219060897827","0.4172322154045105, 0.43698182702064514","0.49153393507003784, 0.5843080282211304","0.48394840955734253, 0.5539919137954712","0.5770353078842163, 0.4407404959201813","0.5421744585037231, 0.44799691438674927","0.47392433881759644, 0.7641008496284485","0.49885159730911255, 0.7475314140319824","0.588678240776062, 0.2614494562149048"
1.1344678011344678,133.12454114643597,65.36233600169881,150.24120304995688,109.59020967548075,134.8162219541154,144.4967426233205,206.34284894062574,191.12477265233264,"0.5012291669845581, 0.2226959466934204","0.5102710723876953, 0.2537073493003845","0.5349553823471069, 0.31283965706825256","0.5208913683891296, 0.37071892619132996","0.4123361110687256, 0.4303233027458191","0.43918275833129883, 0.4404416084289551","0.48009562492370605, 0.5666214227676392","0.4843165874481201, 0.5757076144218445","0.5570972561836243, 0.39910534024238586","0.556372344493866, 0.40093547105789185","0.4831783175468445, 0.7228381037712097","0.48624366521835327, 0.7677109241485596","0.5859085321426392, 0.2595105767250061"
1.1678345011678346,133.21004038996804,75.99518964306128,148.57415814842145,114.91487207820671,137.56533725596188,145.6527023640947,203.5361115723272,190.21555022338455,"0.4826222062110901, 0.2044323980808258","0.5253306031227112, 0.2704814672470093","0.4809427261352539, 0.2757336497306824","0.5637012720108032, 0.3600432276725769","0.3959824740886688, 0.43011951446533203","0.45884114503860474, 0.44096216559410095","0.475083589553833, 0.5674115419387817","0.4880126118659973, 0.5816214084625244","0.5365498661994934, 0.33934420347213745","0.575803279876709, 0.3721802532672882","0.48670467734336853, 0.7272584438323975","0.4859620928764343, 0.7683101892471313","0.5862305760383606, 0.26026520133018494"
1.2012012012012012,139.9304120254229,87.01848701939649,147.2287883984937,119.86631278736382,140.254759149681,147.11070470670117,200.75895595813753,188.99287086205916,"0.5111276507377625, 0.25920167565345764","0.4804970324039459, 0.22384905815124512","0.49507537484169006, 0.29478827118873596","0.48794108629226685, 0.30256348848342896","0.4600694179534912, 0.43018054962158203","0.4226486086845398, 0.43415960669517517","0.4769706130027771, 0.5589801073074341","0.45465749502182007, 0.5719981789588928","0.5285277366638184, 0.2999365031719208","0.5408912301063538, 0.31142574548721313","0.4865599572658539, 0.7566207051277161","0.4858543872833252, 0.7284557819366455","0.5873545408248901, 0.2548806965351105"
1.234567901234568,144.48901369300097,98.7079587166314,143.1817389115395,124.5176771035566,142.93587470229104,148.69374398910762,197.946877953248,187.62970346293167,"0.5411252975463867, 0.26641660928726196","0.4709319472312927, 0.20920877158641815","0.49008360505104065, 0.2972814440727234","0.48043519258499146, 0.3052171468734741","0.4721783697605133, 0.4294244647026062","0.4166317582130432, 0.42914047837257385","0.48749130964279175, 0.558067262172699","0.4445803761482239, 0.5710000991821289","0.47058066725730896, 0.30292361974716187","0.5351539850234985, 0.3134748339653015","0.48706355690956116, 0.7605258226394653","0.48627781867980957, 0.7144412994384766","0.5892389416694641, 0.25080129504203796"
1.267934601267935,146.81944805666697,111.94142910874453,138.26996892256406,129.0707953438276,145.5743303441637,150.32313274263862,195.08819352106505,186.1244518263026,"0.5541020035743713, 0.26513686776161194","0.46857985854148865, 0.20335738360881805","0.49238020181655884, 0.29129207134246826","0.45360469818115234, 0.2833516299724579","0.4697627127170563, 0.43067803978919983","0.4219536781311035, 0.4316750466823578","0.4893415868282318, 0.5737158060073853","0.4518115520477295, 0.5832513570785522","0.47576165199279785, 0.30052152276039124","0.4622207283973694, 0.31422168016433716","0.48923712968826294, 0.7582948803901672","0.49009305238723755, 0.7285381555557251","0.5859660506248474, 0.24451729655265808"
1.3013013013013013,146.74739002344148,125.68262404960075,133.25166121760205,132.561822759289,148.14326137911877,151.92128513695607,192.30947377229833,184.55879132608206,"0.5789619088172913, 0.26773279905319214","0.46425509452819824, 0.2005215436220169","0.4958175718784332, 0.2701931595802307","0.4498705267906189, 0.23062977194786072","0.4906023144721985, 0.43064841628074646","0.4186769127845764, 0.43106475472450256","0.5010201334953308, 0.5771790742874146","0.44233232736587524, 0.5699538588523865","0.4675692021846771, 0.19060556590557098","0.47094836831092834, 0.17287786304950714","0.49626582860946655, 0.7558900117874146","0.4838697016239166, 0.7050881385803223","0.5816396474838257, 0.23160584270954132"
1.334668001334668,156.09169908987923,140.23621155333083,128.20087306879637,136.13790601671394,150.509938376552,153.49585683288427,189.77919898938308,182.99551438738712,"0.4975205063819885, 0.2257048636674881","0.5242061614990234, 0.21571528911590576","0.43194490671157837, 0.19956165552139282","0.4610810875892639, 0.20303508639335632","0.4634614586830139, 0.42923682928085327","0.45721668004989624, 0.43246087431907654","0.49384647607803345, 0.5770688652992249","0.46304792165756226, 0.5747020244598389","0.4263277053833008, 0.12943552434444427","0.4527210593223572, 0.12937462329864502","0.49792638421058655, 0.7350754141807556","0.4850316047668457, 0.7110854983329773","0.5796750783920288, 0.2180807888507843"
1.3680347013680347,165.3641619510951,162.83984039063427,123.08617581015827,139.49536848849462,152.71390306641382,155.01748538136428,187.37469968903645,181.4973701807928,"0.4667593836784363, 0.2068062126636505","0.5565611124038696, 0.23212683200836182","0.39105066657066345, 0.18006911873817444","0.4801437258720398, 0.18011043965816498","0.42625322937965393, 0.423894464969635","0.4839157164096832, 0.4316127300262451","0.47249406576156616, 0.5669435858726501","0.49491214752197266, 0.574648916721344","0.3974667191505432, 0.10956542193889618","0.4328247010707855, 0.09564913064241409","0.48585811257362366, 0.7348084449768066","0.5002937912940979, 0.7204362750053406","0.5795273184776306, 0.20840458571910858"
1.4014014014014016,186.12730210252977,183.61248525554655,117.19748719115181,141.96134525926513,154.206579106668,156.52292446247304,185.87223211368382,180.19908627040846,"0.4695128798484802, 0.2100774347782135","0.5568811297416687, 0.23205149173736572","0.3879931569099426, 0.17870374023914337","0.47814232110977173, 0.16265517473220825","0.4226473867893219, 0.4243159294128418","0.49170732498168945, 0.43108758330345154","0.461993545293808, 0.5645068883895874","0.5080183148384094, 0.5765559673309326","0.3774467408657074, 0.10950527340173721","0.41771236062049866, 0.07772549986839294","0.48595118522644043, 0.7141878008842468","0.515738844871521, 0.7240562438964844","0.5747923254966736, 0.2004842460155487"
1.4347681014347682,206.16816043308762,203.74667917358386,111.28732387945001,144.10044126109628,155.5825201384376,157.95312117437618,184.4969348139091,178.97974106870117,"0.48372259736061096, 0.2180635929107666","0.5400694608688354, 0.2189023792743683","0.3821571469306946, 0.1766735017299652","0.463352769613266, 0.1331785023212433","0.4272192418575287, 0.4240347743034363","0.4919079840183258, 0.42909908294677734","0.46612095832824707, 0.5648423433303833","0.5109766721725464, 0.5764322876930237","0.3669840693473816, 0.08673729002475739","0.393504798412323, 0.05611507222056389","0.4785447120666504, 0.7199616432189941","0.5261853933334351, 0.7265549898147583","0.5686103105545044, 0.19273170828819275"
1.4681348014681348,224.80545002069664,222.85264262544507,105.42087339072467,145.90287793887913,156.85210939397572,159.29276634412537,183.2377460958271,177.851964500271,"0.46252670884132385, 0.2079944908618927","0.550788164138794, 0.21854452788829803","0.3454066216945648, 0.16722089052200317","0.4636567533016205, 0.14202919602394104","0.4211893677711487, 0.4226737916469574","0.4998458921909332, 0.42686447501182556","0.461132675409317, 0.5606297254562378","0.5122652649879456, 0.5727856159210205","0.36344653367996216, 0.05981149524450302","0.4033181071281433, 0.06918103992938995","0.4796521067619324, 0.7011041045188904","0.5310301184654236, 0.7207721471786499","0.5679314136505127, 0.1816239058971405"
1.5015015015015016,241.35788394328756,240.54059609183037,99.66332324064877,147.35887673750568,158.02573010553658,160.52655079877334,182.08360426555436,176.82838648971966,"0.4539793133735657, 0.20388922095298767","0.5633355379104614, 0.2202410250902176","0.33530953526496887, 0.17346736788749695","0.46761685609817505, 0.15850476920604706","0.419884592294693, 0.42351022362709045","0.5035876035690308, 0.42752504348754883","0.45564326643943787, 0.5601241588592529","0.5191020369529724, 0.5727962851524353","0.3568633198738098, 0.0630422979593277","0.4088920056819916, 0.07618216425180435","0.47910603880882263, 0.6945654153823853","0.5384857654571533, 0.7195957899093628","0.5695944428443909, 0.16902264952659607"
1.5348682015348682,255.14417527878993,256.42076005343955,94.07986094489534,148.4586591018679,159.11376550537435,161.63916536537286,181.0234476292074,175.92163696164874,"0.47083574533462524, 0.20053739845752716","0.5447304844856262, 0.2103935033082962","0.345699280500412, 0.1779860407114029","0.4483006000518799, 0.15968070924282074","0.42402514815330505, 0.42294842004776","0.49458393454551697, 0.4264613687992096","0.45881742238998413, 0.5593202114105225","0.5131244659423828, 0.5716977119445801","0.36784058809280396, 0.07219401746988297","0.39122939109802246, 0.07325097918510437","0.4820449948310852, 0.6927270293235779","0.5366183519363403, 0.7158108353614807","0.5684309601783752, 0.17530842125415802"
1.5682349015682349,265.48303710513386,270.10335499097266,88.73567401913733,149.1924464768578,160.12659882574314,162.61530087097665,180.04621449290283,175.14434584065995,"0.4634726643562317, 0.2011020928621292","0.5398306250572205, 0.20751604437828064","0.33902305364608765, 0.18272581696510315","0.45006638765335083, 0.16100718080997467","0.425639808177948, 0.4233029782772064","0.4982808232307434, 0.42655476927757263","0.460197389125824, 0.5600612759590149","0.5111221671104431, 0.5718958377838135","0.36369481682777405, 0.07817927747964859","0.40609797835350037, 0.08450176566839218","0.48183584213256836, 0.69264817237854","0.5396550893783569, 0.7179500460624695","0.5650074481964111, 0.1730913370847702"
1.6016016016016017,271.69318250024975,281.19860138512956,83.69594997904775,149.55046030736744,161.07461329889716,163.43964814263745,179.14084316275714,174.50914305135495,"0.4520137906074524, 0.2022307813167572","0.557884931564331, 0.21038341522216797","0.32416146993637085, 0.18463142216205597","0.46473532915115356, 0.1705370843410492","0.42540374398231506, 0.42513060569763184","0.5058803558349609, 0.42688027024269104","0.4514999985694885, 0.5604968070983887","0.5184506773948669, 0.5712697505950928","0.35145437717437744, 0.07889902591705322","0.4111531674861908, 0.09779699146747589","0.478851318359375, 0.6923874616622925","0.5430914163589478, 0.7193078398704529","0.5625609159469604, 0.15607890486717224"
1.6349683016349683,273.0933245420681,289.31671971661035,79.02587634029965,149.52292203828873,161.96819215709056,164.09689800740804,178.29627194488688,174.02865851833536,"0.44648438692092896, 0.20040051639080048","0.5597130060195923, 0.21068613231182098","0.32808917760849, 0.18807929754257202","0.4675821363925934, 0.1742897778749466","0.42539024353027344, 0.42524442076683044","0.5086778402328491, 0.42649245262145996","0.44989341497421265, 0.5594453811645508","0.52031409740448, 0.5683445930480957","0.35238775610923767, 0.08323860913515091","0.41538339853286743, 0.10061226785182953","0.47772008180618286, 0.6896003484725952","0.5425729751586914, 0.7201377153396606","0.561423659324646, 0.15745484828948975"
1.6683350016683351,269.0021763085181,294.0679304661149,74.79064061856593,149.1000531145137,162.81771863257745,164.57174129234113,177.50143914540857,173.7155221662029,"0.4443546235561371, 0.20180349051952362","0.5612030029296875, 0.21108224987983704","0.3266012370586395, 0.19101163744926453","0.46771541237831116, 0.17705583572387695","0.4249110817909241, 0.4253578186035156","0.5081403851509094, 0.4265216290950775","0.4457316994667053, 0.5595265030860901","0.5188789963722229, 0.5685266256332397","0.35474711656570435, 0.09070466458797455","0.4175948202610016, 0.1028633713722229","0.4779651165008545, 0.6896210312843323","0.541972279548645, 0.7206873893737793","0.558051586151123, 0.14667819440364838"
1.7017017017017018,258.7384508775304,295.062454114343,71.05543032951957,148.2720749809344,163.6335759576121,164.84886882448947,176.7452830704388,173.58236391955919,"0.4447766840457916, 0.20289869606494904","0.5620182752609253, 0.2113199234008789","0.33504849672317505, 0.19602283835411072","0.47505617141723633, 0.1838233321905136","0.4250381886959076, 0.4254682958126068","0.5092199444770813, 0.4259701371192932","0.44454988837242126, 0.5595191717147827","0.5198079943656921, 0.5682910680770874","0.35926294326782227, 0.09724652767181396","0.42145681381225586, 0.11162680387496948","0.4775998592376709, 0.6870521903038025","0.5405881404876709, 0.7210483551025391","0.556686282157898, 0.1469687521457672"
1.7350684017350684,241.62086132703524,291.91051114199496,67.88543298883374,147.02920908244275,164.42614736444855,164.91297143090583,176.01674202609405,173.6418137030059,"0.4470454752445221, 0.20371906459331512","0.5597614049911499, 0.2100970447063446","0.3368479311466217, 0.2033519297838211","0.4755120277404785, 0.19074003398418427","0.4254092574119568, 0.4255533814430237","0.509084939956665, 0.425300657749176","0.44449251890182495, 0.5597628355026245","0.5194665193557739, 0.567461371421814","0.363260954618454, 0.10032818466424942","0.4215804636478424, 0.12031111866235733","0.477425754070282, 0.6869833469390869","0.539720892906189, 0.720629096031189","0.5552943348884583, 0.14769072830677032"
1.7684351017684352,216.96812073496275,284.22232202977045,65.3458361121812,145.3616768639308,165.20581608534104,164.74873993864293,175.30475431849095,173.90650144114468,"0.4457293450832367, 0.2040373533964157","0.5601493120193481, 0.20892708003520966","0.3337172865867615, 0.2100391387939453","0.4749163091182709, 0.19187089800834656","0.42567211389541626, 0.42562800645828247","0.5090489387512207, 0.42501920461654663","0.44298630952835083, 0.5599249601364136","0.5189039707183838, 0.5665187239646912","0.365354061126709, 0.10303173959255219","0.4233247637748718, 0.12836292386054993","0.477426677942276, 0.6854307651519775","0.5398105382919312, 0.7206727266311646","0.5534633994102478, 0.14233356714248657"
1.8018018018018016,184.09894217924264,271.60810725836944,63.50182721523507,143.2596997702905,165.98296535254372,164.3408651747535,174.59825825374594,174.38905705857724,"0.4448264241218567, 0.2043190747499466","0.5593533515930176, 0.2093636691570282","0.3326290249824524, 0.21658408641815186","0.4756441116333008, 0.1966588795185089","0.42585843801498413, 0.42567333579063416","0.5088565945625305, 0.4248022437095642","0.4430014491081238, 0.5600574612617493","0.518773078918457, 0.5663455724716187","0.3665703237056732, 0.10934426635503769","0.42363810539245605, 0.1366356909275055","0.4771481454372406, 0.6844845414161682","0.5398516654968262, 0.7207300662994385","0.5513020753860474, 0.14202673733234406"
1.8351685018351689,142.33203873780545,253.67808730849237,62.418593813668394,140.71349924641385,166.76797839831073,163.6740379662903,173.88619213797557,175.10211047990515,"0.44455474615097046, 0.20445683598518372","0.5586711764335632, 0.20795400440692902","0.3320677876472473, 0.22306811809539795","0.4757005274295807, 0.1993556022644043","0.4259844720363617, 0.42572107911109924","0.5089228749275208, 0.42480579018592834","0.44339197874069214, 0.559869110584259","0.5181189775466919, 0.5665589570999146","0.3663777709007263, 0.11815657466650009","0.4244392514228821, 0.1446576565504074","0.47660693526268005, 0.6842914819717407","0.5402465462684631, 0.7208074331283569","0.5503724813461304, 0.14245183765888214"
1.8685352018685355,90.98612348858131,230.04248266083852,62.161323423154045,137.7132967371929,167.57123845489622,162.7329491403061,173.15749427729648,176.05829162973015,"0.4462856650352478, 0.20483390986919403","0.5582588315010071, 0.20687083899974823","0.33329325914382935, 0.22702157497406006","0.47602343559265137, 0.20049230754375458","0.4260794520378113, 0.42529067397117615","0.5084877014160156, 0.42448678612709045","0.44410914182662964, 0.5598223209381104","0.5176581144332886, 0.5667071342468262","0.3669576346874237, 0.12524797022342682","0.42581692337989807, 0.14861661195755005","0.47568926215171814, 0.6849323511123657","0.5402814149856567, 0.7187166810035706","0.5494295358657837, 0.1387733668088913"
1.901901901901902,29.37990950950035,200.311513796108,62.79520355936505,134.24931368751965,168.40312875455442,161.50228952385362,172.40110297782513,177.27023043265388,"0.4468023180961609, 0.20570988953113556","0.5586095452308655, 0.2067958414554596","0.3343728482723236, 0.23101679980754852","0.47645291686058044, 0.20281612873077393","0.4261103570461273, 0.42531123757362366","0.5084591507911682, 0.4244503378868103","0.4445420801639557, 0.5598620176315308","0.5172188878059387, 0.5668264627456665","0.3670007586479187, 0.13338232040405273","0.4258834421634674, 0.1526641547679901","0.4753851890563965, 0.6853492856025696","0.5399825572967529, 0.7168478965759277","0.5479241013526917, 0.13882213830947876"
1.9352686019352687,-43.167890121507696,164.09540119500156,64.38542173797448,130.311771542286,169.2740325295394,159.9667499439856,171.60595654567805,178.75055681327797,"0.44726094603538513, 0.20723946392536163","0.5584887266159058, 0.2055649757385254","0.3350532054901123, 0.23444166779518127","0.4766268730163574, 0.2064017504453659","0.4261459410190582, 0.42519697546958923","0.5083438754081726, 0.42424455285072327","0.4448508322238922, 0.5599092245101929","0.5168154835700989, 0.5668410062789917","0.3671773076057434, 0.13592398166656494","0.4267233908176422, 0.1561928689479828","0.47518882155418396, 0.685634970664978","0.5397916436195374, 0.71556556224823","0.5459898710250854, 0.14015957713127136"
