Time,Left Shoulder Angle,Right Shoulder Angle,Left Elbow Angle,Right Elbow Angle,Left Hip Angle,Right Hip Angle,Left Knee Angle,Right Knee Angle,"x, y Left Shoulder","x, y Right Shoulder","x, y Left Elbow","x, y Right Elbow","x, y Left Hip","x, y Right Hip","x, y Left Knee","x, y Right Knee","x, y Left Wrist","x, y Right Wrist","x, y Left Ankle","x, y Right Ankle","x, y Nose"
0.0,-1.9467690788144785,14.676134784339066,185.51005116829242,201.06782431211786,129.45773267121268,119.85309464837836,203.60374497115473,209.69644419030948,"0.4431847631931305, 0.3271248936653137","0.4666379392147064, 0.33231061697006226","0.42613697052001953, 0.471125990152359","0.4571229815483093, 0.48034054040908813","0.31138876080513, 0.5167555212974548","0.32218024134635925, 0.5171135663986206","0.3724221885204315, 0.7126627564430237","0.3802325129508972, 0.7204687595367432","0.4512830376625061, 0.5942305326461792","0.4800209403038025, 0.6045197248458862","0.3495725095272064, 0.9169607162475586","0.33970579504966736, 0.9512165188789368","0.542263388633728, 0.3087623715400696"
0.0333667000333667,2.2680033837762092,21.79818436252895,173.5074137592183,190.2828966690848,129.90795561913828,122.80058412227501,202.56881441853147,207.71995305950483,"0.4414002299308777, 0.3250220715999603","0.4666469991207123, 0.3321567177772522","0.42285966873168945, 0.46909546852111816","0.45712223649024963, 0.48029622435569763","0.3120521903038025, 0.5157345533370972","0.3223665654659271, 0.5165805816650391","0.37233400344848633, 0.7133718132972717","0.38037383556365967, 0.7200823426246643","0.4487238824367523, 0.5897238850593567","0.47839340567588806, 0.6044914722442627","0.3491364121437073, 0.9184762239456177","0.3396602272987366, 0.9510833621025085","0.5421183705329895, 0.3098348081111908"
0.0667334000667334,7.736026455399857,27.71402134672021,163.42838332398634,179.85957109584567,130.17944048389498,125.42965416696347,201.97181914380315,206.1791350889233,"0.4390457272529602, 0.3224603831768036","0.4666346609592438, 0.33184731006622314","0.41683298349380493, 0.46585774421691895","0.4573113024234772, 0.4793289601802826","0.3123433589935303, 0.5151673555374146","0.3226395845413208, 0.5164918899536133","0.37233367562294006, 0.7145644426345825","0.3805047869682312, 0.720014750957489","0.4448387622833252, 0.5893605947494507","0.476997047662735, 0.6044980883598328","0.349019318819046, 0.9198530912399292","0.34005266427993774, 0.9505873918533325","0.5421278476715088, 0.3103224039077759"
0.1001001001001001,14.30919369139569,32.51143080496014,155.13427112943927,169.81298782535285,130.2913755095197,127.7587131283089,201.77112969374346,205.03748629575736,"0.43650275468826294, 0.3172779381275177","0.4678856432437897, 0.33146196603775024","0.40651029348373413, 0.46412229537963867","0.4571419358253479, 0.4770156443119049","0.3122532367706299, 0.5148669481277466","0.3232839107513428, 0.5165249109268188","0.3723069131374359, 0.7146201133728027","0.3805956542491913, 0.7194494009017944","0.42784371972084045, 0.591439962387085","0.47494927048683167, 0.601244330406189","0.34901565313339233, 0.9204918742179871","0.3405734896659851, 0.9504841566085815","0.5423029065132141, 0.3103433847427368"
0.1334668001334668,21.83939864710292,36.278197805296045,148.48638844241995,160.15828709055882,130.26294894004928,129.80616935217648,201.92511661512623,204.25850269719962,"0.4367498457431793, 0.32148221135139465","0.46304744482040405, 0.3311517834663391","0.4049343168735504, 0.4652572572231293","0.4571368098258972, 0.4758620858192444","0.31472283601760864, 0.5150202512741089","0.3224376142024994, 0.5154510140419006","0.37268370389938354, 0.7145875096321106","0.380696564912796, 0.7184597253799438","0.4317606985569, 0.5884199738502502","0.47505778074264526, 0.6013246774673462","0.3483375310897827, 0.9219579696655273","0.34072345495224, 0.9504798054695129","0.5415099263191223, 0.31030914187431335"
0.1668335001668335,30.178534877860788,39.10210741577522,143.34604652977114,150.91060912441603,130.1133490195206,131.5904311844314,202.39215045472514,203.80568031044263,"0.44038262963294983, 0.32631605863571167","0.45747798681259155, 0.3269028067588806","0.4229640066623688, 0.4666483998298645","0.4565032124519348, 0.4656950533390045","0.3190457224845886, 0.5157592296600342","0.32109856605529785, 0.5148715972900391","0.3742890954017639, 0.7146392464637756","0.38067108392715454, 0.7182783484458923","0.4519568085670471, 0.5886079668998718","0.47470736503601074, 0.6012077927589417","0.34791988134384155, 0.9236423373222351","0.3407486081123352, 0.9504646062850952","0.5411979556083679, 0.30987221002578735"
0.2002002002002002,39.1784959390085,41.070944704444955,139.5745566583357,142.08509415987686,129.86176399197052,133.1299069709388,203.130601759314,203.6425151526789,"0.44466862082481384, 0.3361756205558777","0.4507350027561188, 0.32533034682273865","0.43328148126602173, 0.46974697709083557","0.45578131079673767, 0.4622756540775299","0.3244039714336395, 0.5177890658378601","0.319210022687912, 0.5148782730102539","0.37622183561325073, 0.7162846922874451","0.38011154532432556, 0.7208622694015503","0.4602859616279602, 0.5891129374504089","0.47499313950538635, 0.6022244095802307","0.3473701477050781, 0.9256213903427124","0.3406373858451843, 0.9504658579826355","0.5410751104354858, 0.30946624279022217"
0.2335669002335669,48.69117538588528,42.272494739352545,137.03323009495637,133.69688242989378,129.5273821014359,134.44300505756394,204.0988410756665,203.73250324110103,"0.4645182490348816, 0.35481777787208557","0.43482503294944763, 0.3187796473503113","0.4632582664489746, 0.4754084646701813","0.4250786304473877, 0.4329897463321686","0.33304375410079956, 0.5242011547088623","0.31165987253189087, 0.514876663684845","0.3783787190914154, 0.7189388275146484","0.37734609842300415, 0.7233970165252686","0.49213966727256775, 0.5940635800361633","0.43563300371170044, 0.5514765977859497","0.3473152816295624, 0.9264811277389526","0.3401859402656555, 0.9504262208938599","0.5383721590042114, 0.3093823492527008"
0.2669336002669336,58.56846677383035,42.79454258854528,135.58337810647598,125.76111416741921,129.12939159195366,135.54813379017193,205.25523895055645,204.03914059290156,"0.46909770369529724, 0.3580285310745239","0.42825308442115784, 0.31577759981155396","0.4731842875480652, 0.4795914590358734","0.42146438360214233, 0.43516841530799866","0.33920958638191223, 0.5277194976806641","0.3105568289756775, 0.5150769352912903","0.3804989457130432, 0.7210978269577026","0.37558043003082275, 0.7236670851707458","0.49673908948898315, 0.5959854125976562","0.4450622498989105, 0.5675459504127502","0.3475295901298523, 0.9266973733901978","0.34002959728240967, 0.9504647254943848","0.5363932251930237, 0.30942434072494507"
0.3003003003003003,68.66226365818294,42.724873320070486,135.08631195973732,118.29292960540562,128.68698070756062,136.46370151462799,206.55816593075753,204.52592322527306,"0.47903046011924744, 0.3583250641822815","0.4162241518497467, 0.31625109910964966","0.490046888589859, 0.4788675904273987","0.4172367453575134, 0.4372909963130951","0.34525254368782043, 0.5292507410049438","0.3086680471897125, 0.5152573585510254","0.391637921333313, 0.7209888696670532","0.375479519367218, 0.7231307029724121","0.5039820671081543, 0.5853578448295593","0.45046496391296387, 0.5637084245681763","0.3483286499977112, 0.9247027635574341","0.339993417263031, 0.9502135515213013","0.5331084728240967, 0.31082573533058167"
0.333667000333667,78.82445959428223,42.151272001975435,135.40334292158323,111.3074689768054,128.21933769229364,137.20811657679727,207.96599256304353,205.15634715540804,"0.4929976463317871, 0.36748459935188293","0.40610137581825256, 0.3111843466758728","0.4940669536590576, 0.47841066122055054","0.3986401855945587, 0.42603808641433716","0.3545326292514801, 0.5318456292152405","0.3081330955028534, 0.5157296061515808","0.39770299196243286, 0.7208149433135986","0.3749682307243347, 0.7218658328056335","0.5071180462837219, 0.5643248558044434","0.4537351727485657, 0.5437683463096619","0.34919795393943787, 0.9223683476448059","0.33968737721443176, 0.9461337327957153","0.5325619578361511, 0.3110544681549072"
0.3670337003670337,88.90694813746752,41.16152370230741,136.39578225885646,104.819872514571,127.74565079018964,137.79978732254497,209.4370893941882,205.8939084004991,"0.4953088164329529, 0.36547693610191345","0.40299779176712036, 0.30910831689834595","0.49075284600257874, 0.4798789620399475","0.37711289525032043, 0.42234867811203003","0.35817596316337585, 0.5351734161376953","0.30836421251296997, 0.5198349356651306","0.4058886170387268, 0.7206066250801086","0.3750009536743164, 0.7225600481033325","0.43223294615745544, 0.4691312313079834","0.4539790749549866, 0.5096553564071655","0.34994742274284363, 0.9206458330154419","0.33966177701950073, 0.9457007646560669","0.5307398438453674, 0.31812721490859985"
0.4004004004004004,98.761622843078,39.843413489113736,137.92494123839987,98.84528045165486,127.28510824528546,138.25712209773627,210.92982697096528,206.70210297773875,"0.5048651099205017, 0.3701261281967163","0.4045852720737457, 0.29778406023979187","0.4815988540649414, 0.46760907769203186","0.36568886041641235, 0.38138872385025024","0.36106714606285095, 0.5417565107345581","0.3081831634044647, 0.5219956040382385","0.4077575206756592, 0.7206248044967651","0.37498754262924194, 0.7227872610092163","0.40526795387268066, 0.3998766839504242","0.45409053564071655, 0.4199981093406677","0.3506188690662384, 0.9191835522651672","0.33997872471809387, 0.9454659223556519","0.5276917219161987, 0.3175329267978668"
0.4337671004337671,108.24037726645284,38.284726430441694,139.8521311270562,93.39883302100944,126.85689830161796,138.59852924823633,212.40257584014853,207.54442690431958,"0.5110045075416565, 0.3665561378002167","0.4058397710323334, 0.2851186990737915","0.47860187292099, 0.40777117013931274","0.3512721657752991, 0.3754619359970093","0.3634064793586731, 0.5405221581459045","0.3083050847053528, 0.5226088762283325","0.41098442673683167, 0.7204954624176025","0.3750267028808594, 0.7227648496627808","0.4127558171749115, 0.380545049905777","0.44031304121017456, 0.3818122446537018","0.35063135623931885, 0.918830394744873","0.34016719460487366, 0.9454882740974426","0.5281459093093872, 0.3167838454246521"
0.4671338004671338,117.19510496293132,36.57324759433857,142.0386631916683,88.49567045558713,126.48020920322404,138.84241711991038,213.81370654851168,208.38437619743414,"0.5175371766090393, 0.36430177092552185","0.40757569670677185, 0.281281054019928","0.4774296283721924, 0.382568359375","0.3340086340904236, 0.34282582998275757","0.3652456998825073, 0.5398792028427124","0.30857521295547485, 0.5217539668083191","0.4164940416812897, 0.7204155921936035","0.37506476044654846, 0.722748875617981","0.40850645303726196, 0.33100271224975586","0.4441543221473694, 0.3490353524684906","0.35155919194221497, 0.917671799659729","0.34026461839675903, 0.9455509185791016","0.5288702249526978, 0.3161885142326355"
0.5005005005005005,125.47769948785265,34.79676204885169,144.34584869907894,84.15093298834037,126.17422919414054,139.00719405862355,215.1215896428285,209.18544687427493,"0.5092379450798035, 0.35162267088890076","0.4102875590324402, 0.28450506925582886","0.4788902699947357, 0.3722043037414551","0.33537814021110535, 0.3143942356109619","0.3678867816925049, 0.5408147573471069","0.31524375081062317, 0.5247148871421814","0.4181537628173828, 0.720368504524231","0.3750859498977661, 0.7227274179458618","0.4142121374607086, 0.3025955557823181","0.40225714445114136, 0.29971981048583984","0.352016806602478, 0.9177119135856628","0.34017184376716614, 0.9440373182296753","0.536192774772644, 0.3111642301082611"
0.5338672005338673,132.94005439655606,33.04305486202833,146.63499891613094,80.37976085222164,125.95814651840433,139.11126841024105,216.2845956698727,209.9111349520346,"0.505685567855835, 0.34972769021987915","0.40488409996032715, 0.2875884175300598","0.4782688617706299, 0.3383572995662689","0.29877597093582153, 0.3157932758331299","0.3726383447647095, 0.5419180393218994","0.31553417444229126, 0.5249220728874207","0.42270320653915405, 0.720770001411438","0.3749919533729553, 0.722947895526886","0.39209091663360596, 0.22681716084480286","0.36050236225128174, 0.23077234625816345","0.35360032320022583, 0.9181278944015503","0.3393719792366028, 0.9439276456832886","0.5400389432907104, 0.3067767024040222"
0.5672339005672339,139.43406324438172,31.399911101915773,148.76742510966847,77.19729428018418,125.85114942005322,139.17304852062907,217.26109517641996,210.52493644790738,"0.5127342939376831, 0.34705737233161926","0.4022391438484192, 0.2849852442741394","0.46174106001853943, 0.30639761686325073","0.28852272033691406, 0.30032575130462646","0.3770158290863037, 0.5421885251998901","0.31573015451431274, 0.5253084897994995","0.4261338710784912, 0.7220986485481262","0.374502956867218, 0.7237828373908997","0.3822842240333557, 0.19101344048976898","0.33692795038223267, 0.20204055309295654","0.3539031147956848, 0.9183850288391113","0.33881181478500366, 0.9442569017410278","0.5404423475265503, 0.3061451315879822"
0.6006006006006006,132.98989309958725,25.678531641167055,145.80240773666503,71.65445959881602,126.02129095767542,139.66446643545044,217.24449903795934,210.17093585755254,"0.5120575428009033, 0.3466954827308655","0.39730942249298096, 0.28656870126724243","0.4537554681301117, 0.29276716709136963","0.2781679332256317, 0.2883216142654419","0.37611454725265503, 0.5429154634475708","0.316181480884552, 0.5259150266647339","0.4337233603000641, 0.7245137691497803","0.3743869960308075, 0.7264381647109985","0.3702647089958191, 0.17795057594776154","0.3253859579563141, 0.19053034484386444","0.35397112369537354, 0.9205338358879089","0.3387773633003235, 0.9526185989379883","0.5445462465286255, 0.3027472496032715"
0.6339673006339673,128.27694236752225,22.668132431536858,142.77901278728055,67.4972457913069,126.39479125224776,140.05535410456184,216.8430570743052,209.59860495164781,"0.513878583908081, 0.34623318910598755","0.3942405581474304, 0.2854767441749573","0.4514959752559662, 0.28210020065307617","0.2693882882595062, 0.28776222467422485","0.37682029604911804, 0.5446025729179382","0.31636157631874084, 0.5270298719406128","0.4369007647037506, 0.7258471846580505","0.3744038939476013, 0.7270312905311584","0.3659067451953888, 0.17234857380390167","0.32451969385147095, 0.184823140501976","0.353878378868103, 0.9215896725654602","0.33910810947418213, 0.9529790878295898","0.5467468500137329, 0.30219781398773193"
0.6673340006673341,125.04247045856006,21.98866542257035,139.46684675087292,65.04842271333344,127.06072049139834,140.37093935691533,216.05685941767774,208.80257011236202,"0.5150391459465027, 0.3434886336326599","0.394858181476593, 0.2859465479850769","0.43983596563339233, 0.27340206503868103","0.2709304392337799, 0.28846436738967896","0.37725505232810974, 0.5451194047927856","0.316400408744812, 0.5271183252334595","0.4367442727088928, 0.7267323136329651","0.3740637004375458, 0.7269424200057983","0.35524532198905945, 0.1751304268836975","0.3259855806827545, 0.1885460615158081","0.35386595129966736, 0.9220279455184937","0.3391469120979309, 0.9526666402816772","0.5479158759117126, 0.3035740256309509"
0.7007007007007008,122.87235842322315,23.30550123037801,136.32341203348574,64.32710802431055,127.98806231017218,140.64259381098424,214.9087132914867,207.7860224698252,"0.5180137157440186, 0.343816339969635","0.3959234356880188, 0.28663745522499084","0.4396235942840576, 0.28656360507011414","0.27505427598953247, 0.2939741015434265","0.3757861256599426, 0.5447392463684082","0.31552931666374207, 0.5272235870361328","0.43589338660240173, 0.7265359163284302","0.38033145666122437, 0.7281206846237183","0.35554587841033936, 0.18064066767692566","0.3235012888908386, 0.19914022088050842","0.35385262966156006, 0.9222394824028015","0.33920830488204956, 0.9519292712211609","0.5443979501724243, 0.30363166332244873"
0.7340674007340674,121.5619214204931,26.68669161746211,133.22746377408296,65.08641537280309,129.15276445471594,140.86868852960123,213.4240273695496,206.54679488697982,"0.5223909616470337, 0.3563527464866638","0.3971033990383148, 0.28986072540283203","0.443732351064682, 0.30429357290267944","0.2735111117362976, 0.30005717277526855","0.37539416551589966, 0.5451571345329285","0.31449609994888306, 0.5271809697151184","0.43452543020248413, 0.7260745763778687","0.38350895047187805, 0.728236734867096","0.36067336797714233, 0.20527978241443634","0.32081812620162964, 0.21938006579875946","0.35454362630844116, 0.9214299321174622","0.3392176628112793, 0.9507590532302856","0.5400243401527405, 0.30358970165252686"
0.7674341007674341,121.11123605682768,31.336076286078438,130.60971870346387,68.42554967032235,130.5326691073718,141.11880916714676,211.64126919140972,205.15388905213558,"0.5221000909805298, 0.364928662776947","0.398582398891449, 0.30799102783203125","0.4513464570045471, 0.31541600823402405","0.28317004442214966, 0.35052382946014404","0.374347984790802, 0.5467429161071777","0.31453126668930054, 0.5271120071411133","0.43315452337265015, 0.725570797920227","0.3895553648471832, 0.728023886680603","0.3659060001373291, 0.22410814464092255","0.3302856981754303, 0.23137620091438293","0.354594349861145, 0.9211927652359009","0.3403128385543823, 0.9458709955215454","0.5403389930725098, 0.3094063401222229"
0.8008008008008008,121.25953606885788,37.98308356289704,128.37315532358951,72.78414104719295,132.15275535389182,141.40338327711206,209.5725845980569,203.5829365399516,"0.5210115909576416, 0.36318904161453247","0.40652865171432495, 0.30620071291923523","0.4670702815055847, 0.38099396228790283","0.346213161945343, 0.3767879605293274","0.3736632466316223, 0.5459686517715454","0.3206443190574646, 0.5268704891204834","0.4291907250881195, 0.7247811555862427","0.40162333846092224, 0.7276533842086792","0.38871484994888306, 0.33433276414871216","0.43663960695266724, 0.3667336106300354","0.35480740666389465, 0.9133504629135132","0.3444735109806061, 0.9354995489120483","0.5391404032707214, 0.3156806528568268"
0.8341675008341676,122.19995294377628,45.574825485815815,126.45168827397562,78.25237090282927,133.86789385091825,141.77220022366228,207.22143502334572,201.87647501382128,"0.5039628148078918, 0.36443135142326355","0.40612515807151794, 0.31986305117607117","0.47738736867904663, 0.4547646641731262","0.3687116503715515, 0.426412433385849","0.37285906076431274, 0.5424380898475647","0.32365432381629944, 0.5260607004165649","0.4271182417869568, 0.7214196920394897","0.4070151448249817, 0.7229636907577515","0.4297754764556885, 0.42839574813842773","0.4418001174926758, 0.4339725971221924","0.35591092705726624, 0.9114484786987305","0.3482553958892822, 0.9261773228645325","0.5324846506118774, 0.32459384202957153"
0.8675342008675342,123.45696037793651,54.41774966198034,124.96793543805695,84.78534170640421,135.87095266458553,142.2096207556941,204.62615598998173,200.05201275374137,"0.44604629278182983, 0.3554263412952423","0.4495460093021393, 0.3215901553630829","0.4249916076660156, 0.45653825998306274","0.4535002112388611, 0.4262557923793793","0.36072656512260437, 0.5347633361816406","0.3338015377521515, 0.523795485496521","0.4180222153663635, 0.7146326899528503","0.4053107798099518, 0.7130260467529297","0.4559718072414398, 0.5213354229927063","0.4946810305118561, 0.525445818901062","0.3566255569458008, 0.9059293866157532","0.35452407598495483, 0.917927622795105","0.5301049947738647, 0.32582423090934753"
0.9009009009009008,115.4029573823634,60.98679818013535,120.33526228980828,92.66384027655451,137.9934011099301,142.671205490337,201.389560649258,197.78591731505995,"0.42637473344802856, 0.33299335837364197","0.45920801162719727, 0.320864737033844","0.4076334536075592, 0.47004932165145874","0.4376780092716217, 0.4631649851799011","0.3390474319458008, 0.5270854830741882","0.34670761227607727, 0.5245298147201538","0.39378124475479126, 0.6940709352493286","0.40472498536109924, 0.7065306305885315","0.46308889985084534, 0.5474326610565186","0.4887083172798157, 0.5611083507537842","0.35644209384918213, 0.8918134570121765","0.36287474632263184, 0.9098531603813171","0.5297964215278625, 0.3280566334724426"
0.9342676009342676,108.14629549537246,68.48376507689866,115.62109572624574,100.77289294188839,140.19779925041877,143.20047467367885,198.10812415868534,195.45680552355861,"0.42192453145980835, 0.289469838142395","0.47683650255203247, 0.32781726121902466","0.3524724841117859, 0.43433624505996704","0.4718697965145111, 0.47544604539871216","0.3089788556098938, 0.5167465806007385","0.36307767033576965, 0.5245243906974792","0.3584904968738556, 0.6901758909225464","0.40628862380981445, 0.7045784592628479","0.36992624402046204, 0.5371711254119873","0.4833695888519287, 0.5716410875320435","0.3517788052558899, 0.8813554644584656","0.3784336447715759, 0.9018214344978333","0.5295860171318054, 0.32831472158432007"
0.9676343009676344,102.09846981279033,76.96152379051179,110.90851631244661,108.94267212512523,142.46451833948797,143.80478263678418,194.8393162235477,193.09544010335102,"0.41358453035354614, 0.2764149308204651","0.4944823682308197, 0.3486505150794983","0.34724733233451843, 0.39166393876075745","0.48372992873191833, 0.4604007601737976","0.30611294507980347, 0.5085349082946777","0.3810760974884033, 0.5243068933486938","0.3410892188549042, 0.6953150033950806","0.40598902106285095, 0.7065311074256897","0.3682444393634796, 0.46498051285743713","0.4660471975803375, 0.5226292610168457","0.3503512144088745, 0.8860058784484863","0.383738249540329, 0.8996248245239258","0.5298798680305481, 0.3260432481765747"
1.001001001001001,97.67097543044335,86.47294775921605,106.28060461348912,117.00335024898517,144.77392963057505,144.49148371071882,191.64060654913058,190.73258377855262,"0.41041240096092224, 0.2705953121185303","0.5150607228279114, 0.3581467568874359","0.3637045621871948, 0.35555535554885864","0.48309698700904846, 0.43923282623291016","0.3164616525173187, 0.5106022357940674","0.3856620192527771, 0.5255808234214783","0.34572988748550415, 0.698056697845459","0.3995504379272461, 0.7077499032020569","0.3964363634586334, 0.3934074640274048","0.457256555557251, 0.4101211428642273","0.3537420332431793, 0.8895928263664246","0.379151314496994, 0.8993404507637024","0.5323415994644165, 0.31160324811935425"
1.0343677010343677,95.27530744415844,97.07091042125282,101.8204411944516,124.78509973618844,147.10640437711746,145.26793222654842,188.5694648407195,188.39899927327886,"0.4225337505340576, 0.29060256481170654","0.4884442389011383, 0.33044344186782837","0.38090163469314575, 0.33807745575904846","0.4501819610595703, 0.37852150201797485","0.33141282200813293, 0.5134564638137817","0.37528523802757263, 0.5228287577629089","0.3481493592262268, 0.7139590382575989","0.35941439867019653, 0.707396388053894","0.4299704134464264, 0.36273452639579773","0.45191532373428345, 0.3658592998981476","0.373041570186615, 0.8901540637016296","0.37510067224502563, 0.8948956727981567","0.5285853147506714, 0.29229462146759033"
1.0677344010677343,95.32296094976272,108.80828521486343,97.61110662041247,132.11809300945504,149.44231383255254,146.14148251533877,185.6833608035999,186.12544931164507,"0.5095985531806946, 0.34124261140823364","0.42837128043174744, 0.2758266031742096","0.438731849193573, 0.34511107206344604","0.3918013870716095, 0.33136969804763794","0.3844301998615265, 0.5149444341659546","0.34263038635253906, 0.5145864486694336","0.3930954933166504, 0.7040489912033081","0.33949071168899536, 0.7040386199951172","0.423902690410614, 0.30976611375808716","0.4571530818939209, 0.35621172189712524","0.3845331370830536, 0.8911927938461304","0.36426347494125366, 0.8920073509216309","0.5263698101043701, 0.28249993920326233"
1.1011011011011012,98.22543104308248,121.73794557828919,93.73568145644998,138.8325024915053,151.7620292503177,147.11948890815557,183.03976414305743,183.94269661776667,"0.42286238074302673, 0.2790578007698059","0.5135040283203125, 0.3259943425655365","0.3308051526546478, 0.2945916950702667","0.4592129588127136, 0.3496430814266205","0.3365960717201233, 0.5081242918968201","0.3942365050315857, 0.5151151418685913","0.3518276810646057, 0.7040674090385437","0.37812596559524536, 0.7049589157104492","0.4061256945133209, 0.29200220108032227","0.453810453414917, 0.328857421875","0.38168391585350037, 0.8918219804763794","0.38022860884666443, 0.8959952592849731","0.526779055595398, 0.26303985714912415"
1.1344678011344678,104.39421281994485,135.91276494977146,90.27724626764243,144.75850060505917,154.0459218838503,148.2093057360646,180.69614456437748,181.88150391575903,"0.4094758927822113, 0.2629898488521576","0.5220598578453064, 0.32793110609054565","0.3243378698825836, 0.265389621257782","0.45778852701187134, 0.31766507029533386","0.32552996277809143, 0.5075365304946899","0.401102215051651, 0.5166262984275818","0.3413185775279999, 0.7044326066970825","0.40014997124671936, 0.7053704857826233","0.37574711441993713, 0.2503119111061096","0.422814279794693, 0.2673846185207367","0.37090057134628296, 0.8919488787651062","0.4013214707374573, 0.8955293893814087","0.5243613719940186, 0.2527666389942169"
1.1678345011678346,114.24080137617644,151.3856167675516,87.31888161906821,149.7262597728369,156.2743629865878,149.41828733013156,178.70997177284562,179.9726339297376,"0.4079374372959137, 0.26626747846603394","0.5183091759681702, 0.32278934121131897","0.3280128836631775, 0.25535982847213745","0.44883355498313904, 0.2695908546447754","0.3269743025302887, 0.5075975060462952","0.40715447068214417, 0.5168634653091431","0.33762890100479126, 0.70457923412323","0.4076157510280609, 0.7047476172447205","0.3258175253868103, 0.2014673501253128","0.36933475732803345, 0.18585744500160217","0.3602549731731415, 0.8926236033439636","0.4148727059364319, 0.887805163860321","0.5196766257286072, 0.24257178604602814"
1.2012012012012012,128.17669180760382,168.2093744698709,84.9436680758055,153.5659524175588,158.42772381196747,150.7537880214222,177.1387154737474,178.2468493838178,"0.3994225263595581, 0.26439476013183594","0.5141226053237915, 0.31365567445755005","0.2975045144557953, 0.244288370013237","0.434959352016449, 0.2435053586959839","0.3280985355377197, 0.505657434463501","0.40937304496765137, 0.5166648626327515","0.3378247916698456, 0.7047989964485168","0.41044265031814575, 0.7049511671066284","0.30036798119544983, 0.14690634608268738","0.33733293414115906, 0.13863849639892578","0.3592735826969147, 0.8959243893623352","0.42136985063552856, 0.8910927772521973","0.5133489370346069, 0.2333316057920456"
1.234567901234568,146.61337921005438,186.43691149497073,83.23468620293279,156.1077509619447,160.4863756134268,152.2231621410022,176.0398453723683,176.73491300211492,"0.3986679017543793, 0.2617129385471344","0.5074764490127563, 0.30688706040382385","0.296004056930542, 0.22897425293922424","0.4245097041130066, 0.2331065684556961","0.32885807752609253, 0.5049843788146973","0.41177019476890564, 0.5160033106803894","0.3383057117462158, 0.7049012184143066","0.41488415002822876, 0.7053086161613464","0.30201300978660583, 0.12769924104213715","0.3408471941947937, 0.1301760971546173","0.3572120666503906, 0.8985072374343872","0.42996492981910706, 0.8923128843307495","0.5051649808883667, 0.22267457842826843"
1.267934601267935,169.9623586793545,206.12110128109242,82.27501656552833,157.181827828715,162.43068964440312,153.83376401993738,175.47083117399384,175.4675875087444,"0.3912830054759979, 0.2594938576221466","0.5053879022598267, 0.3029348850250244","0.2865294814109802, 0.21797704696655273","0.42402514815330505, 0.2350761443376541","0.3297671973705292, 0.5008030533790588","0.4151836931705475, 0.513121485710144","0.34018611907958984, 0.7049933671951294","0.4184771180152893, 0.7056437730789185","0.3038378953933716, 0.11327753961086273","0.3483668565750122, 0.12599733471870422","0.3567131757736206, 0.9021599888801575","0.43570566177368164, 0.8937255144119263","0.49540233612060547, 0.21218614280223846"
1.3013013013013013,198.63512531133077,227.31481726647732,82.14773972867039,156.61835544058977,164.24103715833388,155.59294798929344,175.48914258390948,174.47563562782167,"0.38406118750572205, 0.25951188802719116","0.5028953552246094, 0.2971654534339905","0.28047195076942444, 0.21407541632652283","0.4192376732826233, 0.22309020161628723","0.33031973242759705, 0.50117027759552","0.4171416759490967, 0.5126054883003235","0.34170132875442505, 0.7050987482070923","0.4196309447288513, 0.7057655453681946","0.30781808495521545, 0.11419280618429184","0.35357096791267395, 0.12542280554771423","0.35654085874557495, 0.90240079164505","0.4350399971008301, 0.8942458033561707","0.48805397748947144, 0.21262526512145996"
1.334668001334668,233.04317420181084,250.0709328893668,82.93593625743739,154.24750622028913,165.89778940865642,157.50806838013608,176.15224930740084,173.7898200834622,"0.38034191727638245, 0.257249653339386","0.5011578798294067, 0.2949422299861908","0.27966374158859253, 0.2144746035337448","0.3982689082622528, 0.23987290263175964","0.3334362506866455, 0.5020283460617065","0.4178743362426758, 0.512130856513977","0.3442051112651825, 0.7048373818397522","0.41984137892723083, 0.7079582810401917","0.31599709391593933, 0.11919265985488892","0.3580917716026306, 0.13042321801185608","0.3567988872528076, 0.9021873474121094","0.43691906332969666, 0.896170437335968","0.48175960779190063, 0.21250180900096893"
1.3680347013680347,273.5980004466204,274.4423215880021,84.72268671690756,149.89945259053326,167.38131764880814,159.5864795235311,177.51762104975342,173.4409035997812,"0.3775295615196228, 0.2544791102409363","0.5000753402709961, 0.29356202483177185","0.2719430923461914, 0.21074378490447998","0.4023687243461609, 0.2294871062040329","0.33404141664505005, 0.5040363073348999","0.4198371469974518, 0.5127085447311401","0.3450554609298706, 0.7070096731185913","0.4225674569606781, 0.7120510935783386","0.31839534640312195, 0.11248113960027695","0.3640461564064026, 0.13645894825458527","0.3555671274662018, 0.9021483659744263","0.4395372271537781, 0.9003233909606934","0.48328980803489685, 0.21026554703712463"
1.4014014014014016,320.71109914158666,300.48185680062454,87.59107167215926,143.4043669740423,168.67199313222642,161.83553575054415,179.64272751625268,173.4596489008942,"0.3749719262123108, 0.2544066607952118","0.499744713306427, 0.2922086715698242","0.27137067914009094, 0.20918726921081543","0.405850350856781, 0.2366935759782791","0.334146112203598, 0.5070439577102661","0.4204201102256775, 0.5145606398582458","0.3449426293373108, 0.7070217728614807","0.42461615800857544, 0.7126286625862122","0.32238098978996277, 0.11381901800632477","0.36820629239082336, 0.15559899806976318","0.3544876277446747, 0.902172863483429","0.4418054521083832, 0.9003887176513672","0.47531241178512573, 0.2089896947145462"
1.4347681014347682,374.79396538253707,328.2424119654757,91.62417168827082,134.5924217935364,169.75018711234864,164.26259139224106,182.5850384121842,173.87681871091658,"0.3765135407447815, 0.25491440296173096","0.49877843260765076, 0.2925023138523102","0.2728918194770813, 0.21029388904571533","0.40745171904563904, 0.23896124958992004","0.3342946469783783, 0.5077924728393555","0.4204119145870209, 0.5155180096626282","0.3449341356754303, 0.7061371207237244","0.42331594228744507, 0.713336169719696","0.3246923089027405, 0.11679619550704956","0.3694843649864197, 0.16224440932273865","0.35447317361831665, 0.9012298583984375","0.44156163930892944, 0.9000457525253296","0.4670194685459137, 0.20758171379566193"
